1.000E-03 8.055E-01 1.612E-02 1.228E+03 1.229E+03 1.228E+03 
1.500E-03 6.952E-01 3.084E-02 3.759E+02 3.767E+02 3.760E+02 
2.000E-03 5.871E-01 4.568E-02 1.591E+02 1.597E+02 1.591E+02 
3.000E-03 4.205E-01 7.041E-02 4.618E+01 4.667E+01 4.625E+01 
4.000E-03 3.166E-01 8.734E-02 1.886E+01 1.927E+01 1.895E+01 
5.000E-03 2.520E-01 9.876E-02 9.330E+00 9.681E+00 9.429E+00 
6.000E-03 2.094E-01 1.072E-01 5.222E+00 5.539E+00 5.329E+00 
8.000E-03 1.562E-01 1.195E-01 2.071E+00 2.346E+00 2.190E+00 
1.000E-02 1.228E-01 1.288E-01 1.003E+00 1.255E+00 1.132E+00 
1.500E-02 7.342E-02 1.438E-01 2.655E-01 4.827E-01 4.093E-01 
2.000E-02 4.770E-02 1.512E-01 1.025E-01 3.014E-01 2.537E-01 
3.000E-02 2.438E-02 1.554E-01 2.656E-02 2.064E-01 1.820E-01 
4.000E-02 1.470E-02 1.545E-01 1.014E-02 1.794E-01 1.647E-01 
5.000E-02 9.793E-03 1.519E-01 4.794E-03 1.665E-01 1.567E-01 
6.000E-02 6.974E-03 1.488E-01 2.599E-03 1.584E-01 1.514E-01 
8.000E-02 4.031E-03 1.422E-01 9.887E-04 1.472E-01 1.432E-01 
1.000E-01 2.616E-03 1.360E-01 4.697E-04 1.391E-01 1.365E-01 