1.000E-03 1.079E+00 1.263E-02 2.210E+03 2.211E+03 2.210E+03 
1.500E-03 9.586E-01 2.507E-02 6.994E+02 7.004E+02 6.995E+02 
2.000E-03 8.318E-01 3.862E-02 3.017E+02 3.026E+02 3.017E+02 
3.000E-03 6.127E-01 6.408E-02 8.965E+01 9.032E+01 8.971E+01 
4.000E-03 4.602E-01 8.448E-02 3.724E+01 3.778E+01 3.732E+01 
5.000E-03 3.595E-01 9.947E-02 1.866E+01 1.912E+01 1.876E+01 
6.000E-03 2.918E-01 1.104E-01 1.054E+01 1.095E+01 1.065E+01 
8.000E-03 2.096E-01 1.252E-01 4.241E+00 4.576E+00 4.366E+00 
1.000E-02 1.620E-01 1.352E-01 2.076E+00 2.373E+00 2.211E+00 
1.500E-02 9.787E-02 1.510E-01 5.585E-01 8.074E-01 7.096E-01 
2.000E-02 6.478E-02 1.595E-01 2.177E-01 4.420E-01 3.772E-01 
3.000E-02 3.365E-02 1.655E-01 5.706E-02 2.562E-01 2.225E-01 
4.000E-02 2.045E-02 1.653E-01 2.193E-02 2.076E-01 1.872E-01 
5.000E-02 1.371E-02 1.630E-01 1.042E-02 1.871E-01 1.734E-01 
6.000E-02 9.807E-03 1.598E-01 5.671E-03 1.753E-01 1.655E-01 
8.000E-02 5.711E-03 1.531E-01 2.169E-03 1.610E-01 1.553E-01 
1.000E-01 3.719E-03 1.466E-01 1.031E-03 1.514E-01 1.476E-01 