1.000E-03 1.620E+00 6.432E-03 5.649E+03 5.650E+03 5.649E+03 
1.500E-03 1.522E+00 1.354E-02 1.977E+03 1.979E+03 1.977E+03 
2.000E-03 1.403E+00 2.215E-02 9.034E+02 9.048E+02 9.034E+02 
3.000E-03 1.149E+00 4.099E-02 2.876E+02 2.888E+02 2.876E+02 
4.000E-03 9.199E-01 5.899E-02 1.246E+02 1.256E+02 1.247E+02 
5.000E-03 7.370E-01 7.462E-02 6.432E+01 6.513E+01 6.439E+01 
6.000E-03 5.978E-01 8.755E-02 3.721E+01 3.790E+01 3.730E+01 
8.000E-03 4.143E-01 1.063E-01 1.549E+01 1.601E+01 1.560E+01 
1.000E-02 3.058E-01 1.184E-01 7.782E+00 8.206E+00 7.900E+00 
1.500E-02 1.734E-01 1.349E-01 2.184E+00 2.492E+00 2.319E+00 
2.000E-02 1.145E-01 1.434E-01 8.749E-01 1.133E+00 1.018E+00 
3.000E-02 6.089E-02 1.509E-01 2.370E-01 4.488E-01 3.879E-01 
4.000E-02 3.744E-02 1.524E-01 9.297E-02 2.828E-01 2.454E-01 
5.000E-02 2.525E-02 1.514E-01 4.482E-02 2.214E-01 1.962E-01 
6.000E-02 1.817E-02 1.492E-01 2.463E-02 1.920E-01 1.738E-01 
8.000E-02 1.068E-02 1.437E-01 9.563E-03 1.639E-01 1.533E-01 
1.000E-01 7.012E-03 1.380E-01 4.593E-03 1.496E-01 1.426E-01 