1.000E-03 3.787E-01 1.017E-02 6.044E+01 6.083E+01 6.045E+01 
1.500E-03 3.546E-01 2.135E-02 1.638E+01 1.676E+01 1.641E+01 
2.000E-03 3.254E-01 3.486E-02 6.504E+00 6.864E+00 6.539E+00 
3.000E-03 2.627E-01 6.364E-02 1.681E+00 2.007E+00 1.744E+00 
4.000E-03 2.064E-01 8.949E-02 6.370E-01 9.329E-01 7.265E-01 
5.000E-03 1.616E-01 1.103E-01 3.048E-01 5.767E-01 4.151E-01 
6.000E-03 1.280E-01 1.262E-01 1.654E-01 4.195E-01 2.915E-01 
8.000E-03 8.426E-02 1.472E-01 6.184E-02 2.933E-01 2.091E-01 
1.000E-02 5.905E-02 1.593E-01 2.920E-02 2.476E-01 1.885E-01 
1.500E-02 2.955E-02 1.723E-01 7.335E-03 2.092E-01 1.796E-01 
2.000E-02 1.756E-02 1.757E-01 2.752E-03 1.960E-01 1.785E-01 
3.000E-02 8.177E-03 1.750E-01 6.873E-04 1.838E-01 1.757E-01 
4.000E-02 4.685E-03 1.714E-01 2.565E-04 1.763E-01 1.716E-01 
5.000E-02 3.026E-03 1.672E-01 1.195E-04 1.703E-01 1.673E-01 
6.000E-02 2.111E-03 1.629E-01 6.408E-05 1.651E-01 1.630E-01 
8.000E-02 1.194E-03 1.550E-01 2.401E-05 1.562E-01 1.550E-01 
1.000E-01 7.658E-04 1.478E-01 1.126E-05 1.486E-01 1.478E-01 