1.000E-03 4.107E-01 3.079E-02 2.334E+02 2.338E+02 2.334E+02 
1.500E-03 3.419E-01 4.575E-02 6.629E+01 6.668E+01 6.634E+01 
2.000E-03 2.920E-01 5.534E-02 2.672E+01 2.707E+01 2.678E+01 
3.000E-03 2.316E-01 6.915E-02 7.248E+00 7.549E+00 7.317E+00 
4.000E-03 1.936E-01 8.122E-02 2.840E+00 3.114E+00 2.921E+00 
5.000E-03 1.639E-01 9.223E-02 1.363E+00 1.619E+00 1.455E+00 
6.000E-03 1.390E-01 1.021E-01 7.465E-01 9.876E-01 8.486E-01 
8.000E-03 1.009E-01 1.177E-01 2.867E-01 5.054E-01 4.045E-01 
1.000E-02 7.485E-02 1.287E-01 1.360E-01 3.396E-01 2.647E-01 
1.500E-02 4.014E-02 1.426E-01 3.478E-02 2.176E-01 1.774E-01 
2.000E-02 2.474E-02 1.477E-01 1.315E-02 1.856E-01 1.608E-01 
3.000E-02 1.199E-02 1.491E-01 3.333E-03 1.644E-01 1.524E-01 
4.000E-02 7.006E-03 1.468E-01 1.254E-03 1.551E-01 1.481E-01 
5.000E-02 4.572E-03 1.437E-01 5.874E-04 1.488E-01 1.443E-01 
6.000E-02 3.211E-03 1.403E-01 3.162E-04 1.438E-01 1.406E-01 
8.000E-02 1.827E-03 1.336E-01 1.191E-04 1.356E-01 1.337E-01 
1.000E-01 1.176E-03 1.276E-01 5.608E-05 1.289E-01 1.277E-01 