1.000E-03 1.900E+00 5.479E-03 7.407E+03 7.409E+03 7.407E+03 
1.500E-03 1.803E+00 1.164E-02 2.664E+03 2.666E+03 2.664E+03 
2.000E-03 1.683E+00 1.925E-02 1.241E+03 1.243E+03 1.241E+03 
3.000E-03 1.415E+00 3.644E-02 4.038E+02 4.052E+02 4.038E+02 
4.000E-03 1.160E+00 5.360E-02 1.772E+02 1.784E+02 1.773E+02 
5.000E-03 9.445E-01 6.923E-02 9.236E+01 9.338E+01 9.243E+01 
6.000E-03 7.741E-01 8.278E-02 5.384E+01 5.469E+01 5.392E+01 
8.000E-03 5.404E-01 1.036E-01 2.264E+01 2.328E+01 2.274E+01 
1.000E-02 3.984E-01 1.178E-01 1.145E+01 1.197E+01 1.157E+01 
1.500E-02 2.226E-01 1.374E-01 3.253E+00 3.613E+00 3.390E+00 
2.000E-02 1.455E-01 1.470E-01 1.313E+00 1.606E+00 1.460E+00 
3.000E-02 7.729E-02 1.556E-01 3.593E-01 5.922E-01 5.149E-01 
4.000E-02 4.763E-02 1.578E-01 1.418E-01 3.472E-01 2.996E-01 
5.000E-02 3.217E-02 1.571E-01 6.867E-02 2.579E-01 2.258E-01 
6.000E-02 2.314E-02 1.551E-01 3.787E-02 2.161E-01 1.930E-01 
8.000E-02 1.362E-02 1.497E-01 1.478E-02 1.781E-01 1.645E-01 
1.000E-01 8.947E-03 1.439E-01 7.120E-03 1.600E-01 1.511E-01 