-0.6971435771835961  269.6925207756233
-0.6857088944096076  268.4312767564845
-0.6742627034574344  265.70964492571136
-0.6628060505250933  261.66038781163434
-0.6513527977363069  258.04260891463105
-0.6398930062099155  253.59506421556281
-0.6284376610250955  249.71176026189875
-0.6169943471174685  247.35522538403427
-0.605554433353396  245.4301687232435
-0.5941079808517187  242.6753462603878
-0.5826628360975623  240.08647695794508
-0.571218999090927  237.6635608159154
-0.559770454193216  234.6432132963989
-0.5483206015479841  231.4569126164694
-0.5368778107393655  229.16675900277008
-0.5254394662723183  227.44084613447492
-0.5140000756072542  225.5821707378494
-0.5025690545263246  224.78559556786703
-0.49113646414836964  223.78987660538905
-0.4796994274288434  222.2299168975069
-0.46827363733799765  222.09715436917654
-0.45685072429169804  222.3294887937547
-0.44541421067118014  220.83591035003775
-0.43398031254570424  219.67423822714682
-0.42254275272716957  218.04789725509946
-0.41110493135913073  216.38836565096952
-0.3996637098475373  214.2973558297658
-0.3882143803013137  211.1774364140015
-0.3767595582155021  207.36051372450262
-0.36530002823861485  202.94615965751697
-0.35384599080131585  199.22880886426591
-0.34239430730955456  195.81017375975824
-0.33094628551085203  192.85620750440694
-0.3194990483606621  190.00181314530346
-0.3080510265619596  187.04784688995215
-0.29659489672862693  183.0649710400403
-0.2851361514002524  178.7501888693024
-0.2736855141065079  175.46431629312514
-0.26224010780284723  172.84225635859985
-0.2507931322021616  170.02105263157893
-0.23934798744800523  167.4321833291362
-0.2279033657928572  164.90969529085874
-0.21645560554365895  161.98891966759004
-0.20501046078950258  159.4000503651473
-0.19357159322344686  157.607756232687
-0.18213351030590375  155.91503399647445
-0.17069045794778093  153.59168975069252
-0.1592434823470953  150.7704860236716
-0.14779990688996403  148.3807605137245
-0.13635842382886643  146.25656006043818
-0.12492060246082759  144.59702845630824
-0.11348278109278875  142.9374968521783
-0.10204129803169115  140.81329639889196
-0.09060216891613138  138.98781163434904
-0.07916853234015964  137.85933014354066
-0.06773646506121311  136.92999244522787
-0.056303613133754093  135.9010828506673
-0.044868668810261414  134.606648199446
-0.03343137054123091  133.01349785948122
-0.021994856920713124  131.51991941576426
-0.01055755865168262  129.92676907579954
0.0008849706074317565  127.66980609418283
0.012334823252663663  124.48350541425333
0.023792783932525596  120.26829513976327
0.03525152926090036  115.95351296902538
0.0467102745892749  111.63873079828761
0.05816745062062423  107.52309242004532
0.06962541130048638  103.30788214555525
0.08108258733183571  99.19224376731302
0.09253767096715149  95.34213044573153
0.1039917084044506  91.62477965248047
0.11544548429224544  87.94061949131196
0.12689926018004027  84.25645933014351
0.1383532976173396  80.53910853689246
0.14980602730711778  76.98771090405438
0.1612566646008622  73.70183832787711
0.172699716958985  71.37849408209513
0.18414146156958666  69.2211029967263
0.1955818984326676  67.22966507177034
0.20701945825120216  65.60332409972295
0.21845937201527454  63.67826743893227
0.22989928577934715  61.75321077814152
0.2413360609493691  60.22644170234196
0.25276865132732396  59.23072273986401
0.2642030725518083  58.00266935280786
0.2756369706772841  56.840997229916866
0.28707217655028106  55.51337194661289
0.2985065977747654  54.28531855955674
0.3099404959002412  53.12364643666581
0.32137334782770033  52.09473684210525
0.33280541510664685  51.16539914379251
0.34423591308856816  50.43520523797531
0.3556619647289181  50.26925207756233
0.3670867086217471  50.26925207756233
0.3785135449106096  50.00372702090152
0.3899419504964974  49.539058171745125
0.40137192537941035  48.875245530093196
0.4127971923712477  48.80886426592798
0.4242253364076314  48.377386048854135
0.43565269579550225  48.045479728028226
0.44708319377742356  47.315285822211024
0.45851369175934487  46.58509191639388
0.46994549748878733  45.68894485016369
0.48137678011922125  44.859179048098724
0.4902098299749622  44.24515235457062
