10 28219508836901.32
50.08508957303882 21363397911526.51
100.22401975255846 10788648231414.414
149.93358694989098 6504094059042.148
248.0606190252009 2751442488979.444
347.00075352737537 1134867228108.0413
448.83778160919366 456394770326.2172
513.3321264902697 255031254144.3131
555.1521812406438 174485057842.96228
600.3792251293787 113486722810.80411
649.2908181706409 81674768482.78851
702.1871325908251 77644355631.98181
750.9437132392295 88116034654.3018
849.292594495564 105190863930.8057
928.8167295076204 105190863930.8057
1004.485413536123 102562597437.27519
803.0857221391504 97501430832.18771
1062.2801520149897 92690018114.4282
1136.0399027979734 88116034654.3018
1188.0369057098933 83767764006.8289
1256.392584491758 77644355631.98181
1328.6812209109426 75704357701.6146
1420.9386122766061 73812831961.39142
1469.442428029599 68417127315.78643
1536.6993985118584 63415847702.37411
1589.1547149127082 58780160722.749
1680.5893738068694 54483341621.60628
1757.5106248547893 49238826317.067314
1837.952592476902 44499143131.133865
1943.702250946119 41246263829.01348
2032.6662841226225 37275937203.14923
2248.0080495660523 12879236254.336288
2248.0080495660523 16173023172.161291
2198.2631967344378 20309176209.047306
2149.6191186014375 24865912185.99783
2125.7022368511934 28942661247.1674
2078.6638176798724 32846077743.643024
2298.878586704671 3823116941.463744
2377.350930579804 2363885156.638182
2431.1483886578326 1882457910.7057166
2486.1632381013615 1389495494.373136
2542.4230274561746 1193776641.7144358
2658.790751192266 1106511785.4509277
2749.54871610883 1000000000
2843.4047090263193 950652901.4323884
2940.464481296733 881160346.5430217
3040.837394100142 816747684.8278885
4022.2620328167914 667076780.6717131
6017.241931839266 492388263.17067313
5030.974191176766 517947467.9231202
7037.601704677524 468090331.01445293
7959.295624181997 433873012.60918516
9001.701075384397 402156973.98107237
9955.346155596844 372759372.03149223
19921.394136413834 248659121.8599783
29802.098212477667 208296186.38112056
39864.20342754516 170125427.98525858
49306.676917612494 132092792.32530527
69748.90837751687 105190863.93080568
59636.23316594624 119377664.17144358
79771.26018544685 92690018.1144284
88222.27063126444 81674768.48278852
97568.58569417433 71968567.30011514
149264.07584364442 44499143.13113377
197438.77995391586 26156667.85272666
295365.36804836337 13894954.94373136
395089.8031871429 8811603.465430181
494171.3361323818 5448334.162160628
591048.2487673577 3543647.7855785396
691273.8776651423 2894266.12471674
977871.5859842132 1255743.9628235686
3288.567819970263 776443556.3198149
3516.910543284676 738128319.6139141
3761.1083141897184 701703828.6703808
10887.522294774983 354364778.5578532
11643.500771435312 336877904.901469
12451.97084735032 328460777.4364289
13316.57729294321 312252191.0766791
14082.768709670609 304450354.10461885
15060.610109031551 296843451.4256655
16287.56534294613 282195088.3690132
17224.697497149533 268269579.52797163
18627.95623592064 261566678.52726606
21786.748488023943 242446201.70823207
23561.66762435636 230482185.0951929
25197.679300473537 224723428.2811044
27557.082483391314 219108557.98922193
32592.63953740145 198017373.9405138
34855.71954042919 188245791.07057166
36861.201320637585 183542339.77517802
43111.8536015531 153749314.0354838
45592.36578287935 146162231.48107213
53923.54377551912 125574396.28235738
104343.29060737416 66707678.06717131
109119.12495279474 63415847.70237411
114113.55115555594 61831358.884175785
119336.57425281794 57311497.750139885
124798.65721631193 54483341.621606275
130510.74191219088 51794746.792311914
136484.27102021902 49238826.31706721
159628.2730981973 39210880.38229728
166934.52331059639 35436477.85578547
178525.67354823375 32025395.77230464
186696.8653738703 28942661.24716746
208798.74845047473 23638851.56638182
218355.5510807733 21910855.798922192
228349.77240822627 20309176.209047306
241488.25625298673 18824579.107057128
258256.06798744394 17012542.79852582
276188.15791382967 15768929.001678532
312359.7056186571 12557439.628235739
330331.84065844165 11639493.066120114
349338.03237096174 10788648.231414393
373594.4266543569 9750143.083218751
413173.222260887 7963406.789959549
432084.32669314626 7196856.7300114995
451860.99997541774 6504094.059042161
467285.29944860545 6028645.961505653
516789.75678871304 4923882.631706731
534430.402858675 4449914.313113377
558891.4971787062 4021569.7398107154
618100.7646486647 3202539.577230457
653664.2198915845 2968434.5142566552
4498.432668969439 602864596.1505641
714870.5485610142 2615666.785272666
747590.460866579 2304821.850951934
790604.3210907669 2082961.8638112056
817591.6420013221 1882457.9107057168
904207.742723606 1499077.8107927032
945593.6944983474 1354777.9883625824
845500.1765588291 1744850.5784296226
874361.3704405467 1617302.317216129
189.6442796353967 4338730126091.869
12.094960945267841 28219508836901.32
17.10945404434245 26156667852726.605
20.010749827331807 25503125414431.312
22.379698293998253 24865912185997.83
25.883461259191744 24244620170823.21
28.947643580747393 23638851566381.82
33.107184923050816 23048218509519.29
39.156922542342144 22472342828110.438
43.79246755771989 21910855798922.195
55.391131049348296 19801737394051.383
60.57772023261461 17895640746367.414
66.24995949823814 16173023172161.291
73.26851603668354 14616223148107.213
80.12906727567666 13547779883625.879
87.6320112619077 12243683313417.998
110.84180660814599 9506529014323.885
119.87184813832646 8591439458053.063
131.09613656057383 7764435563198.149
165.81763223821605 5587953033774.346
177.33123079893068 4923882631706.731
202.81228882467903 3921088038229.744
219.33496602527973 3455107294592.2183
234.5645572035877 3044503541046.189
268.26957952797244 2304821850951.929
280.5483859973046 1980173739405.1382
300.028349916877 1658747264950.102
320.86091115387427 1389495494373.136
371.0948581316433 881160346543.0217
388.08001892691607 776443556319.8181
401.3271511906319 667076780671.7131
415.0264750247808 587801607227.49
429.19342601287696 505006192184.12866
