149.13433011198225  48288003772302820
248.52567570788813  24194731580498144
346.7522488870742  10057728202574304
447.6268244637565  3929058539228559
511.41718028950726  2100075540624243.2
552.7471586522798  1354671814819239.2
604.0867707660047  820792077459517.5
645.6972393524929  467208475227797
745.950036663578  182625475667765.8
842.8442883794727  76004329071968.75
890.9541436195735  55569660392358.83
973.7066995188595  29709064551558.31
1064.1453810811836  18000643806047.05
1175.9676404651311  7492338950490.51
1271.0030030007263  4005851591652.8203
1501.3107289081743  1075597084521.3378
1604.7234271279629  651780084025.6578
1773.3505738487254  254833518789.2514
1895.5018142283088  127993018560.75247
1959.6973563213528  99635020906.76727
2026.0670285543342  72855750784.8532
2094.6844628604235  50042816740.94601
2165.6257848880928  25139121105.225037
2529.7978811546955  970375339.1381772
2289.2404838920033  2994373874.0953484
2289.2404838920033  4640058074.863563
2263.9655642067846  8149197399.990135
2263.9655642067846  12627931844.651531
2214.249805677971  18383496477.73694
2988.2012017123016  666044440.2453312
3944.1175974968373  517788554.65702903
4979.703346969366  428627879.71193117
6947.866973638869  354627610.8769281
9911.57609085119  293367680.9728284
14781.562606630318  242631493.79871285
19948.193302785025  200778828.26883733
29749.604451551753  166055329.83210728
49576.38219726222  106863655.99656421
69943.03204847887  78009613.818659
99778.20341172468  53489200.97623703
148803.55525584632  32354258.37873761
198598.02611045353  19582080.515237022
296177.8358554444  9222072.215151073
395288.49614798557  5581563.901742691
493567.08633353317  3379407.081762587
596092.151993715  2319271.320151535
795563.8194419628  1318575.5760166899
993360.8495587069  798343.2095149389
1465085.8251729705  311647.6006783587
1955350.8144445044  156339.75644436124
2883903.430214433  64970.69255056203
4300890.061726772  25360.94567719856
6558117.154890398  9898.308441911184
9889592.55323737  3629.1825419094093
33989.1579142229  146416675.37471777
39266.41163543458  129092811.27726531
43877.02998948861  121189809.29058136
59213.46065197534  94202609.29410063
63998.77319494788  88451578.73700881
53582.87803370925  100339673.74507388
77292.7682883507  73238320.37179199
86368.39912048724  64584530.40177371
112738.76897503926  44305345.074658886
130242.91219623364  39063184.13295061
224394.66956702413  15236139.202534147
256372.68123830884  11853997.395186383
338385.51534282335  7174942.323869005
441702.8314431834  4343083.763509471
533454.5163709713  2799853.7088619918
688643.1217833363  1804327.0036191735
869456.4433343223  1026123.7510062942
1147592.891819632  548031.4735546377
1282341.9720037417  426430.05376041494
1601164.2053153333  242526.1098542751
1749881.6576704034  200921.83077582676
2113371.7217727937  129528.17945064562
2258944.1658256436  114250.78934940287
2496317.9729535435  88905.31354065845
2638808.701036861  78423.97840982495
3048517.675653295  57311.087346050146
3222528.161450805  47488.21957885013
3482955.5078899586  41884.624937104694
3641114.446711617  36948.94030391082
3848950.5694202767  32592.910156428792
4068650.0527935843  28750.426500123624
4597142.288175115  21012.92345805788
4968658.534839557  18533.40524614696
5252271.351755271  15356.861274653404
5676731.596130657  13544.75658182972
6067754.000834524  11222.56783854493
7009850.814798299  8730.838011531814
7409975.621484789  7234.410858330551
8008809.888122605  5993.741382161018
8560469.597277142  5286.8008102360345
9252280.582254928  4380.137846202799
8116.2217734512915  332837132.8729627
24360.846871177288  188396280.38206196
16888.051956251275  227750220.83786678
11970.434993010078  275291549.8452741
9170.468300492466  312442145.46321714
3414.04346030464  587274209.6934541
2118.069527722586  34377323742.98439
1420.2427610947568  1566116684791.0815
1373.7186109967322  2280059643281.034
1112.467590148313  11613572341630.75
1215.7944977104607  5832344266639.663
697.8790078965882  301376850876343.6
180.11290913454258  37557625390706980
201.26156647476142  31111026674699508
219.95490681034664  29209948774681520
277.7072839615544  17684353988560048
306.8892514746864  13761244408637854
478.4600802462002  2872511050616640.5
405.06218139874767  6091745201946788
374.7748955561452  7352700896690630
129.091253452702  54768107556640424
100  62155313438725736
115.52628557179814  62106578501650510
2361521.477340255  100787.47515788558
2758635.435246908  69182.49598775397
1073638.9160785794  661430.8788568223
1213097.9069940976  483422.2695845781
1355538.5131584813  376156.8346993491
1849765.5323060043  177234.5059175778
6343287.102428546  10539.342275176024
8949195.432061248  4964.942433975101
9565630.41031438  4113.724963836011
929346.0018770588  905096.088124281
736077.9678567422  1591513.0227432924
637151.9383779365  2045721.4805810642
563904.2921049092  2629241.057198089
417851.7057348015  4923535.270174191
361694.05401259253  6328683.283553916
316579.0416611101  8134361.453135906
237203.19804418372  14307705.65536812
277091.33868033567  10455229.513888206
212277.77764073282  17272443.459470168
177729.25480840506  23639735.584812257
162624.55223139861  28534744.518453527
6357.387571164842  377707922.2795523
5882.0333578557165  402266102.4013996
5442.22230210642  402436041.10846144
4310.450493861454  486148442.34465575
4658.797855880563  456469279.8654293
7509.356111577805  354477860.4780451
8579.498632535267  332736734.7990898
10832.171455250133  293226105.97772896
13525.319749835351  258422735.8261184
18051.328143414772  213859066.90245992
22290.487959754395  188487241.59570596
26623.50242634559  176884091.83152488
